authority_id,uri
n94089566.json,5070.json
