authority_id,uri
sh85007908.json,3786.json
